[AudioVisual]
AmbientChangeRate=1
AmbientChangeStep=.025

[Actions]
01DANCS0=1,73,0,40,0,0,0,0,A
01DANCS2=1,73,0,100,0,0,0,0,A

[Events]
01DANCS0=1,46,0,100
01DANCS2=1,45,0,40

[Tags]
01DANCS1=2,Day->Night 1,01DANCS0
01DANCS3=2,Night->Day 1,01DANCS2

[Triggers]
01DANCS0=Neutral,<none>,Day->Night,0,1,1,1,0
01DANCS2=Neutral,<none>,Night->Day,0,1,1,1,0

[Lighting]
Red=1.000000
Blue=1.000000
Green=1.000000
Level=0.032000
Ground=0.000000
IonRed=1.000000
Ambient=1.000000
IonBlue=1.000000
IonGreen=1.000000
IonLevel=0.032000
IonGround=0.000000
IonAmbient=1.000000
DominatorRed=0.850000
DominatorBlue=0.300000
DominatorGreen=0.200000
DominatorLevel=0.000000
DominatorGround=0.000000
DominatorAmbient=1.500000
DominatorAmbientChangeRate=0.009000